8
4 0.507175
0 8 20 30 -0.359593 0.168139 0.128429 0.0500019 0.278004 0.112702 -0.138898 -0.00123301 0.201154 0.307577 0.245603 -0.111773 -0.0109768 0.203608 -0.0564578 -0.0215202 0.095214 0.208032 0.319649 -0.0951572 -0.19111 -0.185246 0.0292464 0.0378044 0.0417406 -0.0582106 0.123968 0.306425 0.222741 -0.0412855 0.212866 0.045826 0.0234087
20 0 40 20 -0.0993183 0.0154231 -0.170813 0.266289 -0.0814961 -0.0257754 0.0795825 0.320839 -0.218228 0.124429 0.0462424 -0.0713423 -0.00829158 0.0788605 -0.0338962 0.0116684 -0.00445853 -0.108481 -0.0715571 0.178786 0.231159 -0.0308938 -0.0289002 0.0880318 0.186511 0.300366 0.247873 -0.232104 -0.364099 -0.362693 -0.178358 0.176247 -0.072362
0 0 40 20 -0.181522 0.0372686 0.0291435 0.0285497 0.0876193 0.0102889 -0.0299387 0.0314655 0.0685195 -0.0314048 0.0611647 0.117547 -0.0368222 -0.209555 0.144075 0.0951549 0.0655656 0.330661 0.351931 -0.193426 -0.359123 0.0452908 0.244819 -0.175597 -0.359123 -0.136961 -0.165013 0.252834 0.304812 0.099339 0.0465817 0.0682139 0.0136863
8 8 20 30 -0.353141 0.259153 0.286968 -0.149303 -0.0322963 0.0456567 -0.0681416 0.036441 0.232315 0.0984322 0.144887 -0.0498762 0.268708 0.209378 -0.0677844 -0.161367 0.219082 0.0835215 6.04756e-006 0.249265 0.163714 -0.0742528 -0.0685105 0.229229 0.0491831 0.309446 0.244516 -0.0677036 -0.204498 0.0218611 0.0869947 0.0356375 -0.173034

4 0.489683
4 8 30 20 -0.286726 -0.0237679 -0.139003 0.0357271 0.224666 0.204132 -0.0967802 0.0433742 0.126365 0.16342 0.149294 -0.13685 -0.297535 0.036858 0.214934 0.202266 0.0283493 0.0947439 0.155522 -0.0856717 -0.134323 0.154863 0.232629 -0.110399 -0.102889 -0.302226 -0.301861 0.18525 0.302285 0.161989 0.060991 0.00569456 0.155812
8 4 12 18 -0.344338 0.0598853 -0.0765459 0.349926 0.304556 0.248375 0.173918 -0.0872134 -0.126546 0.232795 0.0796251 0.0918951 -0.00422765 0.00689119 -0.0779652 0.184134 0.00562018 -0.00496651 0.143342 -0.0282139 0.187536 -0.0669503 -0.20637 -0.0205052 0.233764 0.205656 0.195528 -0.305215 -0.0066716 0.145348 -0.0445885 -0.249013 0.0674026
20 20 20 20 -0.131017 -0.0113266 -0.013239 0.185442 0.12111 0.0110295 0.127629 -0.0204003 -0.0269157 0.202446 0.151924 -0.128455 -0.310094 -0.139432 -0.0308167 0.0304799 -0.104737 -0.114983 -0.0629965 0.16078 0.193244 -0.0488536 -0.116067 0.0743813 0.170445 0.30072 0.26222 -0.136326 -0.268842 -0.350017 -0.2778 0.300875 0.160353
16 0 12 24 -0.328614 -0.144955 -0.197597 0.12664 -0.0965862 -0.212797 -0.0521935 0.185381 -0.227959 0.106887 -0.110054 0.0676273 0.0767115 0.358213 0.12979 0.0364869 -0.213069 0.30908 0.251531 -0.104918 -0.00505632 0.145153 0.0351957 0.0880433 0.119813 -0.0609272 0.0812291 0.259965 0.316298 -0.057757 0.122057 -0.0898008 0.131522

4 0.488712
4 0 40 20 -0.0919957 -0.219091 -0.276803 0.09001 0.120394 0.125377 0.0420575 0.154562 0.150409 0.0800062 0.128578 -0.296283 -0.352692 -0.0133781 0.146715 0.0762344 0.0188867 0.0490024 0.0645908 -0.195127 -0.233938 0.117011 0.167533 -0.0383378 -0.0635173 -0.352692 -0.350928 0.141627 0.159481 0.162023 0.140972 0.0896059 0.1151
28 0 24 12 -0.151764 -0.14136 -0.0345763 0.359054 0.269019 -0.0511534 0.0862612 0.197281 -0.0235772 0.340465 0.357769 -0.321892 -0.0880085 0.0749356 -0.10016 -0.282274 -0.109026 -0.0680141 -0.0500643 0.164303 0.097643 0.141432 0.0986346 -0.132917 -0.124829 0.119809 0.0645598 -0.175312 -0.175548 -0.0496006 -0.143953 0.146357 0.022847
0 20 20 20 -0.223475 0.132541 0.174064 -0.125524 -0.320947 -0.0667298 0.041751 -0.00992267 -0.098804 0.0335989 -0.00389866 0.201758 0.143897 -0.0234615 0.0797261 0.153152 0.0798391 0.301835 0.265678 -0.0920869 -0.169792 0.177971 0.274013 -0.267165 -0.347481 -0.0454768 -0.112282 0.108272 0.214742 0.244338 0.0993439 -0.116285 -0.0681153
0 0 6 24 0.00189935 0.243988 0.277686 -0.267446 -0.283723 -0.163387 -0.25689 -0.021889 0.228091 -0.235 -0.241646 0.35304 0.117759 0.00805924 0.0896609 -0.0878764 0.0510719 -0.239205 0.0137837 0.199488 -0.034473 -0.0426234 0.0890696 -0.258274 -0.259156 0.0393429 0.0187748 0.0838972 -0.0386316 -0.102853 -0.130301 0.0304256 0.0661349

11 0.500562
16 4 30 20 -0.346605 0.2464 0.23436 -0.229307 -0.321937 0.100754 0.175418 0.0742107 -0.0247097 -0.224333 -0.148268 0.15967 0.244843 0.129013 0.0918291 0.0604785 0.230322 -0.133739 -0.159559 0.229371 0.202754 0.114368 0.156968 0.166338 0.117706 0.15639 0.11855 -0.151561 -0.174078 0.0232208 0.0161727 0.0500643 -0.0107622
0 8 18 12 -0.248362 0.213957 0.160232 -0.0272569 0.00610056 0.0839336 0.0184162 -0.113228 -0.0942647 0.0719929 -0.107868 0.326481 0.355832 0.0289348 -0.0635148 -0.0315413 0.0758271 0.162391 0.259328 -0.190869 -0.288445 0.0451809 0.235615 -0.139217 -0.106576 0.118038 0.137365 0.0922976 -0.102715 -0.351225 -0.14937 0.196297 0.165179
20 8 30 20 -0.221091 0.159224 0.058722 0.0413889 0.189929 0.346941 0.146188 -0.1873 -0.244211 0.154293 0.0717609 -0.0974934 -0.0975289 -0.0179406 -0.0890791 0.113747 0.0290597 -0.17542 -0.151972 0.138323 0.307434 0.0408972 -0.113057 -0.0223947 0.248809 0.223429 0.250444 -0.103372 -0.269215 -0.25212 -0.0556975 0.240091 0.0602941
12 0 12 18 -0.350725 -0.0769412 -0.0557404 0.287073 0.0230446 0.00823636 0.147689 -0.053196 -0.308121 -0.234436 -0.303285 0.34929 0.245264 -0.0122943 -0.0546945 0.147664 0.00735194 0.19598 0.262152 0.00271067 0.0309456 -0.00561812 0.153834 0.051203 0.0879683 0.116867 0.0298137 0.160962 0.203412 0.0362125 -0.101631 0.199986 0.159704
0 28 12 24 -0.15 0.237497 0.107801 -0.144548 -0.210693 0.0850036 -0.00181229 -0.121797 -0.271254 -0.226178 -0.215315 0.297428 0.244004 0.0494057 0.12366 0.0395337 0.118261 0.13019 0.197856 -0.0074547 -0.0999798 0.151337 0.349295 -0.302844 -0.298295 -0.122923 -0.124745 0.0707806 0.0524016 0.136864 0.0919146 -0.0253115 -0.0409925
0 4 20 40 -0.370278 -0.0216801 0.166216 0.0873784 0.0916601 0.101133 0.215428 0.0615004 0.300593 0.164222 0.0857375 0.00538473 0.0890945 0.214797 0.111006 0.0989723 0.105805 0.0747669 -1.81878e-005 -0.0485214 -0.16683 -0.0942571 -0.0229704 0.370278 0.317976 0.109078 0.104615 -0.0492959 -0.2045 0.266313 0.305859 0.0509976 -0.131783
16 4 12 12 -0.0774259 0.208479 0.258217 -0.0420312 -0.126201 -0.0364822 0.0414582 -0.0659377 -0.105292 0.0202322 -0.00944028 0.16355 0.241801 -0.241168 -0.184584 0.146428 0.0677712 0.255377 0.241228 -0.352766 -0.124612 -0.0747156 -0.267036 0.0179486 0.0838067 0.168874 0.0477519 -0.308906 0.0105808 0.188873 -0.0848417 -0.337827 0.0499056
28 0 12 12 -0.0868713 -0.328849 -0.187516 0.117428 0.117018 0.164536 0.0763099 0.179433 -0.0931382 0.165756 0.15117 -0.202572 -0.130174 0.351021 0.101215 -0.285945 -0.258549 -0.220968 -0.103407 0.256994 0.315081 -0.161109 -0.111844 0.111912 0.0103489 0.129947 0.0898256 -0.0662535 0.0673252 -0.158056 -0.0910681 0.0391042 0.052294
28 28 12 12 0.0188162 -0.152734 0.0293583 0.206112 -0.0867642 0.12782 -0.0535637 -0.0677265 0.0399981 0.159396 0.276941 -0.151782 -0.313572 -0.175949 -0.106761 -0.0652095 -0.0708562 0.162909 0.117826 0.081095 -0.125885 -0.232332 -0.346837 0.130742 0.230689 0.133789 0.162033 -0.0781883 -0.107419 -0.292073 -0.290221 0.244905 0.127592
8 12 12 24 -0.375811 -0.0174387 -0.0177869 -0.135922 0.00903038 -0.0196359 -0.0716177 0.134419 0.375811 -0.0210086 0.0580564 -0.157925 -0.0262162 0.375811 0.273515 -0.075196 0.0536528 0.149496 0.094582 0.189421 0.176977 0.0530718 -0.0146651 0.281083 0.0982853 0.231982 0.246177 0.106733 0.0180672 0.0936492 0.278503 0.060474 0.052729
0 0 24 6 -0.0273608 0.0821286 -0.0446033 -0.147537 -0.146453 -0.329566 -0.0123025 0.128055 0.348904 0.234769 0.127543 0.081653 0.348904 -0.0447911 -0.119891 0.0443899 -0.303728 -0.0598588 -0.160024 -0.0938144 -0.120388 0.108828 0.308678 -0.321429 0.0375206 0.0696869 0.00224067 0.0284993 -0.295515 0.0350871 0.0969523 -0.0770352 -0.0779225

12 0.497427
4 0 40 20 -0.271064 -0.129554 -0.202714 0.268208 0.280923 0.10775 0.0313935 0.106078 0.0736866 0.213506 0.269907 -0.183969 -0.324967 -0.0436285 0.147041 0.0620238 -0.0326638 0.162631 0.182594 -0.0376046 -0.120092 -0.00224906 0.128268 -0.0312025 -0.0964052 -0.25713 -0.24701 0.244375 0.281112 0.0887359 0.0141938 0.0723361 0.103742
20 16 20 20 -0.324734 0.294547 0.216558 0.237114 0.208047 0.159193 0.107366 -0.109301 -0.232769 0.128086 0.00832281 0.0451656 -0.172478 -0.0538625 0.0139115 0.156917 -0.184695 0.0384542 0.112051 0.169376 0.14968 0.06298 0.0852978 -0.0444691 0.0490919 0.253779 0.28185 -0.130237 -0.22867 -0.217894 -0.114185 0.22854 0.178315
8 4 12 24 -0.356361 -0.0634368 -0.0791345 0.182128 0.143773 0.109568 0.198892 -0.0700947 -0.0220684 0.0489699 -0.0412777 0.178228 0.145984 0.135818 0.0621221 0.325761 0.158068 0.103716 0.210801 -0.286355 0.0471016 -0.00509897 -0.265688 -0.0442144 0.335304 0.111512 -0.0256076 -0.219382 0.102637 0.29747 -0.115548 -0.151449 0.0995363
0 8 30 20 -0.178551 0.0913792 0.117326 -0.0373887 -0.0271932 0.0309849 0.0487832 -0.0897086 -0.085013 0.355742 0.310352 -0.0785361 -0.114333 -0.0844645 -0.14219 0.230666 0.140521 0.247527 0.240104 -0.15928 -0.253864 0.166242 0.25774 -0.192574 -0.321598 -0.16801 -0.136185 0.0742989 0.21005 0.164693 -0.0351495 -0.0185845 0.0629479
8 0 12 18 -0.288669 -0.25146 -0.209683 0.223017 0.133422 0.0312764 0.263863 -0.102652 0.0124145 -0.11614 -0.190595 0.171427 0.0467508 -0.0750314 -0.0387213 0.107554 -0.0640026 0.00753012 -0.0269267 0.35508 0.306282 0.0890053 0.108515 -0.0663318 -0.00027945 0.35508 0.295529 -0.236015 -0.0822912 0.0288799 -0.0937358 -0.0242157 0.12323
16 28 12 24 -0.189673 -0.29189 -0.0709571 0.350059 0.271272 0.0619018 -0.147983 0.195782 0.0767337 0.0801159 0.109946 -0.0103297 -0.154737 -0.0662952 0.0642548 -0.0554374 0.036993 -0.135306 -0.111575 0.0365612 0.0231982 -0.0141758 -0.0214738 0.0976744 0.183695 0.221105 0.111125 -0.0424265 -0.164195 -0.289163 -0.345932 0.34708 0.227497
0 16 24 12 0.0268079 0.0396889 0.114492 -0.0266056 -0.265453 -0.039721 0.13553 -0.0936007 -0.121478 -0.124589 -0.151461 0.216243 0.167935 -0.355688 -0.355688 0.15709 0.236838 0.24446 0.126471 -0.110926 -0.206321 -0.00270478 0.221975 -0.112806 -0.355688 0.210806 0.14784 -0.0267661 0.0314845 0.0614428 -0.0108984 -0.102121 -0.104047
12 0 40 10 -0.377735 0.23824 0.261313 0.0877716 -0.0797137 -0.00835802 0.293576 0.0652553 -0.0257275 0.131098 0.344153 -0.143469 -0.0533644 0.0575939 0.117823 0.0746699 0.262752 -0.0106354 -0.0984038 0.198224 0.290796 0.253971 0.029988 0.198831 -0.0533535 0.00948482 0.0740748 0.0935356 0.0918893 0.220487 0.163582 0.047849 0.150098
28 8 12 12 -0.126485 -0.22484 0.100564 0.203933 0.326273 0.0414935 -0.059262 0.0432824 -0.0261086 0.207407 0.260046 -0.163084 0.0798698 -0.191112 -0.183039 0.148653 -0.0273799 -0.280427 -0.202682 0.148453 0.0802211 0.33632 0.194253 -0.150723 -0.0909467 0.0085385 -0.00364751 -0.303363 -0.138208 -0.0411324 -0.10233 0.200769 0.165516
16 0 6 24 0.080976 0.0359464 0.1401 0.174824 -0.132536 -0.119003 -0.263483 -0.0474807 -0.105269 -0.177099 -0.265302 0.136726 0.0461379 -0.098618 -0.205534 0.073757 -0.103215 -0.25305 -0.278213 0.182705 0.0761604 0.162743 0.00547431 0.0530362 -0.0108112 0.0672201 0.162526 -0.197403 -0.209045 0.358267 0.0339476 -0.269885 -0.316606
0 28 12 24 -0.172546 0.186628 0.122718 -0.128761 -0.199862 0.0501401 -0.112258 0.0697911 0.00978351 -0.0223731 -0.21416 0.356319 0.150417 -0.0762529 -0.0363487 0.145771 0.163307 0.219491 0.175551 -0.0267573 -0.00462231 0.0314989 0.324988 -0.356319 -0.312037 -0.260772 -0.0933571 0.0149835 -0.0535189 0.182889 0.231 -0.0438307 0.0551526
32 16 24 6 -0.046273 -0.0760343 0.203314 0.204724 0.186031 -0.0683528 -0.0944569 0.175031 -0.201563 0.236234 0.301948 -0.142245 -0.350407 -0.19337 0.0473501 -0.0725593 -0.27747 0.103371 0.17572 0.192925 -0.191402 0.0326149 -0.0980565 -0.0820645 0.00794565 0.209749 0.24653 0.00570766 -0.136523 -0.247766 -0.182503 0.114115 0.057387

12 0.494217
4 8 20 20 -0.350114 -0.023392 -0.116595 0.14089 0.350114 0.197126 -0.115137 0.0161087 0.162557 0.311529 0.295901 -0.306125 -0.280004 0.0828579 0.0240478 0.017277 0.0287732 0.135523 0.239205 -0.072818 -0.126021 -0.168983 -0.0318473 0.0748753 0.0892865 -0.0914888 0.0129376 0.210305 0.185903 0.0386759 0.166132 0.0603828 0.0816007
20 16 20 20 -0.305171 0.275763 0.250403 0.21732 0.15181 -0.00305113 0.0870038 -0.060972 -0.180267 0.159278 0.0873264 0.0175999 -0.0730725 0.0130306 0.0148139 0.0476278 -0.0794145 -0.0983501 -0.102408 0.344982 0.284974 -0.0148805 -0.0322935 0.0569539 0.141157 0.303042 0.282452 -0.114085 -0.208085 -0.228147 -0.203625 0.150856 0.086775
24 0 24 6 -0.322346 -0.255549 -0.355782 0.355782 0.220901 -0.139889 -0.0515119 0.27079 -0.105667 0.0327626 0.110244 0.355782 0.238562 0.0179007 0.00282076 0.132445 0.0341768 0.0462684 -0.0204139 -0.0245571 -0.0056198 0.261905 0.17474 -0.166816 -0.0821977 0.0586865 0.114381 0.0214783 0.0322451 -0.115689 0.107043 0.0702096 0.105872
0 8 30 20 -0.145257 0.0591194 0.10682 -0.0135948 0.00426894 -0.0217504 0.052901 -0.140989 -0.0572538 0.095878 0.171993 0.139192 0.13776 -0.200788 -0.110515 0.062712 0.223466 0.273362 0.294822 -0.15406 -0.353198 0.103017 0.247999 -0.184306 -0.353198 -0.189416 -0.135244 0.135421 0.312607 0.148005 -0.00601531 -0.10057 0.0172064
8 0 24 6 -0.347822 -0.291924 -0.256025 0.312236 0.216657 0.0604635 0.194246 -0.0834702 0.00459995 0.305514 0.133144 0.181512 0.236388 0.15208 0.170867 -0.0487316 -0.0360566 -0.0279864 -0.0635481 -0.06072 0.105931 0.07271 -0.0631185 -0.0285741 0.204921 0.161547 0.158238 0.0324198 0.0418159 -0.200216 -0.174554 0.234481 0.13524
20 20 20 20 -0.13472 0.0614852 -0.0527151 0.151573 0.0466993 0.150653 0.00133469 0.0223401 -0.0343905 0.245624 0.21159 -0.109649 -0.351236 -0.056878 0.159105 -0.114496 -0.225453 -0.18784 -0.0590177 0.148145 0.196825 -0.0785802 -0.0955774 0.0898566 0.281209 0.24167 0.251985 -0.125181 -0.24876 -0.321401 -0.183613 0.176768 0.113888
16 0 40 10 -0.361034 0.334979 0.20275 -0.0324434 -0.0853723 0.0301845 0.0421697 0.236312 -0.0458499 0.32812 0.23111 -0.250706 -0.168794 0.332085 0.117965 0.0430496 0.0838108 -0.109094 -0.0137497 0.16407 0.234564 0.0620449 0.146128 0.0493254 0.0890013 -0.101334 -0.0889906 0.211311 0.162014 0.103667 0.110429 0.0115413 0.0967582
0 4 24 12 0.0451015 0.240316 0.272003 -0.202632 -0.0392098 0.0281714 -0.174782 -0.152276 -0.0554882 -0.194126 -0.339712 0.258546 0.351487 -0.149729 0.0338817 0.0812344 -0.0312354 0.0708347 0.115788 -0.296882 -0.351487 -0.0950585 0.010032 -0.0792962 -0.0305238 0.00294667 0.00407758 0.219318 0.000834375 -0.251255 -0.124802 0.0483294 -0.0746947
12 0 12 24 -0.279076 -0.125609 -0.161619 0.200119 0.0303237 -0.0612717 -0.00509071 -0.00655398 -0.352814 -0.10269 -0.101 0.137073 0.129846 0.303076 0.0187939 0.0627639 -0.0438054 0.334997 0.282611 -0.140358 0.0441249 0.0822126 -0.0112898 -0.169411 0.0816664 0.0188293 0.0890317 0.367435 0.367435 -0.0532864 -0.0819672 -0.0309335 0.0232551
0 28 12 24 -0.189819 0.226814 0.200004 -0.147554 -0.118167 0.0991041 -0.0234189 -0.0816154 -0.0927647 -0.138793 -0.185974 0.300482 0.262065 0.033766 0.107072 0.0907754 0.11436 0.138958 0.157678 0.0142451 -0.100276 0.148171 0.357802 -0.357802 -0.357802 -0.185709 -0.0272484 0.0860602 0.0556406 0.0997465 0.0964185 -0.152961 -0.0708586
28 0 24 12 -0.0261245 -0.240536 -0.0312289 0.237712 0.206684 -0.138881 -0.0383652 0.171022 -0.06053 0.301209 0.291115 -0.203054 -0.0280476 0.0384242 -0.00430804 -0.160924 -0.145178 -0.131348 -0.0845734 0.221469 0.179261 0.165776 0.0853075 -0.265835 -0.192982 0.127937 0.0854628 -0.174423 -0.219367 -0.210165 -0.256173 0.22434 0.0335937
8 12 12 24 -0.357471 0.0226532 0.1966 -0.204673 -0.0198847 -0.17648 -0.166915 -0.0371053 0.357471 0.0912041 0.123838 -0.198569 -0.0757071 0.296168 0.0750395 -0.0232845 0.0572527 0.280497 0.188108 0.100131 0.123509 0.123491 0.0226841 0.211321 0.0587783 0.244072 0.297259 0.069033 -0.109892 -0.042628 0.224891 0.0751963 -0.00529795

11 0.501896
16 0 40 10 -0.36408 0.15258 0.101424 0.0833005 -0.0168811 -0.0318756 0.108278 0.282904 0.0554205 0.215939 0.174879 -0.132414 -0.156742 0.0626217 0.0380281 0.141287 0.111724 -0.0430678 0.0120495 0.309095 0.297873 -0.057141 0.0687419 0.122787 0.160774 -0.204319 -0.241025 0.291239 0.313324 0.0605657 -0.0491229 0.133712 0.144125
0 4 24 12 -0.104746 0.224605 0.248393 -0.133856 -0.0209492 0.0321207 -0.0403092 -0.107036 -0.00765716 -0.138525 -0.240074 0.337817 0.378319 0.117782 0.0198304 -0.0715649 0.00718726 0.196546 0.221081 -0.298745 -0.378319 -0.0923024 0.0718807 -0.0300791 -0.111142 0.100297 0.162202 -0.0873994 -0.0497534 -0.200603 -0.207689 -0.00442005 0.0482951
16 0 12 18 -0.295388 -0.243615 -0.323047 0.176882 0.177516 -0.0861459 -0.0859016 0.00951936 -0.107609 -0.128942 -0.119096 0.231251 0.168713 0.116795 0.0481264 0.024705 -0.077268 0.305531 0.334282 -0.110468 0.0550536 0.174956 0.125566 -0.0781699 0.0436398 0.117653 0.126008 0.345192 0.289499 -0.0572135 -0.0528493 -0.0221917 0.0247499
20 20 20 20 -0.153247 0.112604 0.0481857 0.234072 0.183201 0.0162154 0.0569281 -0.0403809 -0.0960467 0.251192 0.235157 -0.182951 -0.347035 -0.0176958 0.0939955 -0.0510897 -0.179406 -0.037729 0.0231931 0.198943 0.149829 -0.113341 -0.110877 0.0904338 0.127925 0.263406 0.233778 -0.174944 -0.218249 -0.294214 -0.268934 0.220564 0.0956089
8 16 18 12 -0.369861 0.136318 0.072119 0.0385841 0.133256 -0.0399827 -0.20782 0.146931 0.173086 0.236429 0.249394 0.180126 -0.057215 0.0498329 0.252934 0.245661 -0.0470899 0.0364667 0.221979 0.0851342 0.110113 0.145054 0.198451 -0.097796 -0.0126808 -0.137273 0.0176917 0.316977 0.205807 0.189215 0.297858 -0.0313011 0.0457967
0 28 12 12 0.0680039 0.153091 0.244866 -0.253471 -0.363248 0.114377 0.0709097 -0.167637 -0.266593 0.175088 -0.169145 0.16867 -0.0356424 0.0105527 -0.0742993 -0.0674443 0.121645 0.252896 0.15706 0.0179341 -0.0370604 -0.0677263 0.0306654 -0.264124 -0.263253 0.161304 0.152278 -0.00832874 -0.0453746 0.019808 0.0433295 -0.316185 -0.291823
8 0 20 30 -0.360511 0.0200571 -0.00238614 0.209716 -0.0610175 -0.0551026 0.337889 0.267478 -0.0212667 0.0805933 0.0439167 0.175794 0.0938906 0.139751 0.113276 0.300163 0.0839932 0.192218 0.205927 -0.142312 -0.130947 -0.12014 -0.206225 0.209475 0.351974 -0.0605281 -0.129235 -0.018106 0.161138 0.174295 -0.104536 -0.0847706 0.0877826
20 8 30 20 -0.19336 0.177163 0.160357 0.122283 0.0536931 0.282664 0.227721 -0.129308 -0.259022 0.177385 0.0735432 -0.0345669 -0.0732241 -0.108036 -0.165991 0.245346 0.130737 -0.188396 -0.187826 0.223217 0.34733 -0.0590843 -0.100606 -0.0259392 0.146474 0.178043 0.219757 -0.172523 -0.298785 -0.155197 -0.00832206 0.044838 -0.00634061
8 0 12 24 -0.347245 -0.335461 -0.34073 0.222607 0.301418 0.0211971 0.114255 -0.125751 -0.011474 -0.170862 -0.110674 0.168967 0.177461 0.0216463 -0.0472234 0.17118 -0.0427571 0.134391 0.234953 0.0858471 0.236625 -0.0162319 0.0704797 -0.0665457 0.195661 0.0722552 0.173292 0.0443639 0.0478315 0.109872 -0.0936433 0.178325 0.242812
16 20 6 24 -0.147179 0.0630919 -0.0890157 0.374686 0.249938 0.0667531 -0.0338068 -0.195566 0.0592802 0.194606 0.18132 0.0137468 0.129485 -0.172793 -0.117614 0.0521887 0.124041 0.0745792 0.00678352 0.164526 0.0250539 0.0908096 0.184667 -0.254802 -0.374686 0.249393 0.227299 -0.12372 -0.374686 0.00257571 0.058177 0.0235778 -0.0256712
16 16 24 6 -0.314589 0.0439781 0.138951 -0.177242 -0.339968 0.00439803 0.22043 0.28143 0.249194 0.0497972 -0.0736346 0.15044 -0.072984 0.0464874 -0.0562933 0.0865363 0.0255786 -0.0191462 -0.112286 0.257071 0.0896218 0.154222 0.0525398 0.183625 0.27004 -0.313622 -0.296188 0.135173 0.10456 0.177458 0.125705 -0.00200204 0.0281244

13 0.498783
4 4 30 20 -0.229091 -0.100362 -0.2005 0.130066 0.211229 0.178427 -0.0105611 0.118665 0.10109 0.295598 0.292984 -0.363277 -0.363277 0.0729639 0.154106 0.079804 -0.00453108 0.135464 0.171996 -0.17434 -0.157159 0.0252913 0.0651952 -0.00984708 0.0372692 -0.239464 -0.195049 0.192376 0.150013 0.0768058 0.140118 0.068458 0.0378611
20 16 20 20 -0.302525 0.142191 0.173323 0.240842 0.229552 0.0191278 0.140736 -0.11273 -0.221602 0.119987 0.0223615 0.0883591 -0.134353 -0.0239459 0.0726378 0.110461 -0.1396 0.133245 0.113511 0.23332 0.214139 -0.0344954 -0.0237653 0.0109188 0.0347429 0.299776 0.284661 -0.0422085 -0.157119 -0.309522 -0.248648 0.248886 0.162429
0 4 24 12 -0.0381498 0.283527 0.248006 -0.192572 -0.0377365 -0.0557831 -0.151403 -0.0905202 -0.0356861 -0.0404909 -0.20216 0.288795 0.290414 -0.0677802 0.0568397 -0.0229307 -0.0713544 0.0948624 0.146839 -0.35098 -0.33379 0.0710056 0.0429645 -0.106932 0.0257461 -0.137289 -0.0335366 0.153568 0.0425041 -0.326807 -0.138437 0.259589 0.160992
8 8 12 24 -0.378982 0.306829 0.254928 0.0304111 0.0904394 -0.0360663 -0.0581571 -0.0325614 0.313936 0.141864 0.169162 0.0509442 0.249444 0.359817 -0.028818 0.0298694 0.113568 0.0208818 0.0657478 0.0389383 0.0440995 0.0118994 -0.007708 0.24439 0.270077 0.0123836 -0.0256775 -0.054612 0.00356089 0.31011 0.26324 -0.0625163 0.00846372
0 24 12 24 -0.222395 0.0672499 0.12025 -0.0477767 -0.130475 0.198355 0.212679 -0.152851 -0.234095 -0.177315 -0.129644 0.147458 0.153709 0.151886 0.00407515 0.0222618 0.0725264 0.208887 0.197135 -0.0948499 -0.111825 0.160049 0.248679 -0.248937 -0.270979 -0.235237 -0.236685 0.239103 0.254784 0.128803 0.0086207 0.0753848 0.185758
16 0 6 24 0.0730163 0.0386967 0.0797237 0.0678749 -0.205872 -0.0744704 -0.0115581 -0.12152 -0.321905 -0.174076 -0.253687 0.124199 0.0700606 -0.133011 -0.201751 0.163209 -0.0485111 -0.262089 -0.308364 0.251792 0.198507 0.0943075 -0.0258436 0.0113415 -0.108174 0.196588 0.167019 -0.141389 -0.175448 0.209571 -0.00571164 -0.253796 -0.299698
12 12 12 24 -0.336782 0.0789678 0.112904 -0.27942 -0.245367 0.0485067 0.0522871 0.0478996 0.245285 -0.0728972 0.00328219 0.0335131 0.19419 0.0715489 0.00499987 -0.00210138 0.0838325 0.258329 0.108185 0.330446 0.314097 -0.0276721 -0.0954354 0.143433 0.0553743 0.347122 0.315476 -0.0672877 -0.121526 0.0355355 0.114856 -0.109308 -0.0998654
20 20 20 20 -0.0662569 0.0283931 -0.137111 0.15169 0.0875735 -0.0607412 -0.0305409 0.160088 0.0212801 0.19173 0.144318 -0.134025 -0.351618 -0.0357132 0.131315 -0.131979 -0.183278 -0.0671661 0.0695825 0.0731253 0.0711527 -0.165081 -0.0929893 0.0618314 0.212811 0.273312 0.267798 -0.158973 -0.336936 -0.351618 -0.195013 0.272278 0.0996006
4 4 12 24 -0.356675 0.019497 0.117836 0.286384 0.275671 0.0534012 0.170231 -0.00710427 -0.0718629 0.267715 0.322308 -0.0293407 -0.0565582 -0.031858 0.0498118 0.112767 0.0183026 0.0229094 -0.106487 0.141465 0.277437 0.180264 -0.129345 -0.136349 0.102999 0.293138 0.243207 -0.105962 0.0243751 0.250964 0.0918212 -0.198436 -0.042904
0 0 6 24 -0.0928533 0.19549 0.130855 -0.172327 -0.30826 -0.268513 -0.124287 0.0528794 0.351067 -0.127708 -0.252429 0.24992 0.106267 0.0352341 0.0757421 -0.00812923 0.139801 -0.317259 -0.0954179 0.264929 0.178775 0.0178959 0.00659988 -0.138013 -0.159935 -0.0250608 -0.178045 0.195575 0.192797 0.133338 -0.0981471 -0.0189815 0.12154
0 16 24 6 0.0385782 -0.133513 -0.154937 0.16485 0.115046 -0.011692 0.235721 -0.103248 -0.108457 0.21825 0.145522 -0.0611039 -0.357613 -0.0131616 -0.132178 -0.0430153 -0.0934175 0.120632 0.0225865 -0.155457 -0.319005 0.134062 0.0963147 -0.0912014 -0.0953387 0.292065 0.274691 -0.0601385 -0.082206 -0.0576181 0.197094 -0.26853 -0.357613
0 8 12 24 -0.278565 0.146123 0.137407 0.304141 0.347757 0.121629 0.180915 -0.136458 -0.293986 0.323808 0.332708 -0.08198 0.0579564 0.0282133 -0.186334 0.0766941 -0.00227364 -0.0571502 0.00137349 -0.18906 -0.000387721 0.0529434 0.00536383 -0.0204336 0.156085 0.0463233 0.116395 -0.00960852 -0.158167 -0.179148 0.0603636 0.23662 0.200001
32 16 24 6 0.0577473 -0.298664 -0.281051 0.266062 0.0455574 0.00035151 -0.0135557 0.301201 -0.028636 0.0596 0.0848259 -0.032205 -0.258337 0.0618552 0.00312378 -0.121183 -0.184822 0.0357844 0.270088 -0.0531704 -0.164134 -0.016061 0.0503472 -0.129345 -0.0667124 0.191182 0.180473 -0.0590233 -0.071379 -0.360236 -0.360236 0.221879 0.0868195